 pickup_code | count 
-------------+-------
 6403        |     1
 0384        |     1
 8225        |     1
 4604        |     1
 8114        |     1
 3054        |     1
 8572        |     1
 1131        |     1
 6548        |     1
 7901        |     1
 9732        |     1
 5049        |     1
 8676        |     1
 5008        |     1
 4676        |     1
 9541        |     1
 7268        |     1
 4350        |     1
 6744        |     1
 6811        |     1
 5536        |     1
 2206        |     1
 2498        |     1
 6412        |     1
 9971        |     1
 5104        |     1
 6962        |     1
 4866        |     1
 5148        |     1
 0891        |     1
 0187        |     1
 6393        |     1
 2731        |     1
 5620        |     1
 8685        |     1
 6697        |     1
 2238        |     1
 8170        |     1
 3969        |     1
 7193        |     1
 3435        |     1
 1478        |     1
 1033        |     1
 5729        |     1
 2881        |     1
 0281        |     1
 9575        |     1
 0993        |     1
 2832        |     1
 7349        |     1
 1657        |     1
 9982        |     1
 4129        |     1
 9221        |     1
 4461        |     1
 8801        |     1
 9143        |     1
 8849        |     1
 0958        |     1
 8209        |     1
 3677        |     1
 2047        |     1
 2788        |     1
 5925        |     1
 4832        |     1
 7495        |     1
 7165        |     1
 4300        |     1
 4458        |     1
 1820        |     1
 8083        |     1
 8529        |     1
 1177        |     1
 0477        |     1
 3290        |     1
 5575        |     1
 7506        |     1
 5271        |     1
 3283        |     1
 0080        |     1
 0734        |     1
 4084        |     1
 1502        |     1
 4597        |     1
 9267        |     1
 9714        |     1
 5134        |     1
 4675        |     1
 8663        |     1
 6986        |     1
 0226        |     1
 3196        |     1
 8606        |     1
 6561        |     1
 0873        |     1
 7045        |     1
 6108        |     1
 8157        |     1
 2801        |     1
 0998        |     1
 4253        |     1
 2308        |     1
 3473        |     1
 4943        |     1
 8569        |     1
 4701        |     1
 7371        |     1
 7101        |     1
 7499        |     1
 0515        |     1
 0546        |     1
 8922        |     1
 5804        |     1
 5031        |     1
 1798        |     1
 7881        |     1
 3233        |     1
 6076        |     1
 3236        |     1
 0001        |     1
 8460        |     1
 9925        |     1
 1459        |     1
 7979        |     1
 5781        |     1
 9373        |     1
 3255        |     1
 6242        |     1
 9467        |     1
 1334        |     1
 4154        |     1
 0444        |     1
 4299        |     1
 9719        |     1
 5212        |     1
 3908        |     1
 9503        |     1
 1671        |     1
 3051        |     1
 5573        |     1
 7454        |     1
 4519        |     1
 0770        |     1
 9564        |     1
 0817        |     1
 0011        |     1
 3347        |     1
 5955        |     1
 9275        |     1
 7929        |     1
 9750        |     1
 6680        |     1
 8189        |     1
 1572        |     1
 4945        |     1
 5108        |     1
 4524        |     1
 0818        |     1
 0299        |     1
 0385        |     1
 2970        |     1
 8417        |     1
 5693        |     1
 6147        |     1
 7202        |     1
 6919        |     1
 7888        |     1
 2423        |     1
 8654        |     1
 3581        |     1
 7180        |     1
 7246        |     1
 8295        |     1
 8446        |     1
 5007        |     1
 0337        |     1
 2779        |     1
 0223        |     1
 2614        |     1
 0871        |     1
 8441        |     1
 2112        |     1
 3258        |     1
 8137        |     1
 2531        |     1
 8309        |     1
 7956        |     1
 3877        |     1
 2277        |     1
 7574        |     1
 2076        |     1
 5051        |     1
 8815        |     1
 7274        |     1
 2337        |     1
 8056        |     1
 6019        |     1
 1726        |     1
 5274        |     1
 4017        |     1
 4368        |     1
 9303        |     1
 0859        |     1
 8402        |     1
 3961        |     1
 0762        |     1
 8885        |     1
 7382        |     1
 6615        |     1
 9743        |     1
 8701        |     1
 8034        |     1
 1946        |     1
 1002        |     1
 4733        |     1
 9155        |     1
 1354        |     1
 3636        |     1
 3794        |     1
 9696        |     1
 8426        |     1
 2828        |     1
 2709        |     1
 3754        |     1
 8823        |     1
 2365        |     1
 2766        |     1
 9088        |     1
 0984        |     1
 8115        |     1
 9426        |     1
 7158        |     1
 8760        |     1
 8320        |     1
 8128        |     1
 5290        |     1
 6012        |     1
 1603        |     1
 8735        |     1
 4474        |     1
 1430        |     1
 5322        |     1
 6269        |     1
 1291        |     1
 1032        |     1
 9793        |     1
 1017        |     1
 6983        |     1
 6263        |     1
 2257        |     1
 9673        |     1
 8121        |     1
 5413        |     1
 0436        |     1
 5899        |     1
 1452        |     1
 8051        |     1
 5407        |     1
 4040        |     1
 4036        |     1
 9362        |     1
 9806        |     1
 3530        |     1
 8589        |     1
 8989        |     1
 3319        |     1
 2132        |     1
 5490        |     1
 8438        |     1
 3241        |     1
 6469        |     1
 4192        |     1
 5812        |     1
 5347        |     1
 9451        |     1
 3567        |     1
 4527        |     1
 2703        |     1
 7408        |     1
 5308        |     1
 2264        |     1
 8408        |     1
 5205        |     1
 3617        |     1
 3152        |     1
 8520        |     1
 1725        |     1
 7915        |     1
 4949        |     1
 4229        |     1
 4019        |     1
 3606        |     1
 5650        |     1
 6091        |     1
 9496        |     1
 4995        |     1
 0175        |     1
 5609        |     1
 6078        |     1
 0413        |     1
 3562        |     1
 1854        |     1
 1254        |     1
 3172        |     1
 2940        |     1
 1227        |     1
 0565        |     1
 7824        |     1
 7211        |     1
 8111        |     1
 1922        |     1
 4612        |     1
 3525        |     1
 1592        |     1
 0412        |     1
 7267        |     1
 6907        |     1
 8636        |     1
 0051        |     1
 5905        |     1
 0775        |     1
 4121        |     1
 0304        |     1
 9567        |     1
 0827        |     1
 6518        |     1
 0605        |     1
 5482        |     1
 3171        |     1
 6231        |     1
 7719        |     1
 4657        |     1
 0360        |     1
 6257        |     1
 7105        |     1
 6074        |     1
 4908        |     1
 6472        |     1
 0839        |     1
 8378        |     1
 4244        |     1
 4446        |     1
 3785        |     1
 9487        |     1
 9124        |     1
 5613        |     1
 9913        |     1
 8783        |     1
 3005        |     1
 5083        |     1
 6906        |     1
 4316        |     1
 3918        |     1
 4895        |     1
 8365        |     1
 5446        |     1
 8863        |     1
 7266        |     1
 0926        |     1
 9966        |     1
 7147        |     1
 0043        |     1
 1860        |     1
 1578        |     1
 7325        |     1
 0227        |     1
 7806        |     1
 9413        |     1
(368 rows)

